10,204
10,304
10,230
10,180
10,104
10,14
10,2
10,3
11,19
11,16
11,7
11,29
11,18
11,11
11,25
11,2
11,3
8,14
8,5
8,12
8,6
8,7
8,15
8,9
8,2
8,3
21,1
21,3
20,2
20,1
20,3
20,0
19,0
17,2
17,1
16,3
16,2
19,2
16,1
19,1
15,2
12,3
19,3
12,2
12,1
11,6
11,1
11,5
10,287
10,286
10,285
10,284
10,283
10,282
10,281
10,280
10,279
10,278
10,277
10,276
10,223
10,222
10,221
10,220
10,219
10,218
10,217
10,216
10,215
10,214
10,159
10,158
10,157
10,156
10,155
10,154
10,153
10,152
10,151
10,150
10,149
10,148
10,147
10,1
10,17
9,7
9,6
